61
332
336
1139
1184
1470
1600
1633
1761
1887
2339
2961
3004
3167
3328
3361
3692
3850
4373
4533
4588
4679
4819
4926
5031
5294
5405
6426
6600
7072
7289
7805
8004
8038
9206
9501
9844
10613
11445
11999
12939
12942
13296
13360
13552
13699
14175
14427
14480
15268
15959
16079
16247
16317
16525
17052
17892
18352
18520
18989
19268
19413
19663
19843
20152
20570
21007
21670
21752
22239
22405
22421
22437
22568
22704
22872
23492
23692
23798
24298
24503
24551
24639
26050
26296
27453
27958
28443
28812
28974
29774
29830
30229
31031
31183
31222
31268
31385
31785
31818
